10,119
10,87
10,111
10,171
10,291
10,157
10,95
10,135
10,2
10,3
9,2
9,3
8,17
8,16
8,11
8,13
8,12
117,3
117,2
117,1
117,0
116,4
116,3
116,2
116,1
116,0
114,4
114,3
114,2
114,1
114,0
111,3
111,2
111,1
111,0
20,3
20,2
20,1
19,3
19,2
19,1
18,3
18,1
14,3
14,1
13,3
13,1
12,3
12,2
12,1
11,30
11,29
11,28
11,27
11,26
11,25
11,24
11,23
11,22
11,21
11,20
11,19
11,18
11,17
11,16
11,15
11,14
11,13
11,12
11,11
11,10
11,9
11,8
11,7
11,6
11,5
11,4
11,3
11,2
11,1
10,314
10,308
10,305
10,303
10,300
10,299
10,293
10,282
10,280
10,279
10,278
10,277
10,274
10,264
10,263
10,259
10,248
10,243
10,240
10,238
10,237
10,236
10,229
10,227
10,226
10,224
10,223
10,222
10,221
10,220
10,219
10,218
10,216
10,215
10,199
10,185
10,173
10,133
